song_popularity <- c(75, 70, 98, 75, 96, 81, 85, 74, 91, 85, 90, 86, 93, 67, 83, 84, 85, 85, 68, 87, 93, 82, 76, 59, 91, 83, 93, 94, 85, 92, 88, 100, 63, 96, 79, 87, 76, 83, 95, 96, 81, 74, 87, 93, 71, 94, 91, 80, 96, 70, 89, 87, 92, 95, 77, 92, 75, 74, 75, 97, 92, 71, 90, 95, 87, 79, 89, 89, 74, 89, 67, 95, 88, 73, 90, 76, 87, 85, 77, 67, 80, 83, 33, 85, 85, 92, 76, 74, 96, 86, 83, 82, 83, 91, 90, 90, 76, 81, 92)